1649341499.190316
0.986988
1.006352
1.008007
0.986303
1.005309
1.009035
0.984964
1.005826
1.008699
0.984797
1.006387
1.007177
0.987784
1.006021
1.007246
0.987776
1.004926
1.993980
2.013014
1.991938
1.008262
0.986129
1.005977
1.007097
0.986516
1.005924
1.008114
0.987151
1.005027
1.007112
0.987773
1.005224
1.007624
0.987005
1.005344
1.002117
0.991333
1.006732
0.997867
0.996783
0.999727
1.013160
0.987164
1.005637
1.007252
0.986262
1.005908
1.007725
0.987025
1.005344
1.008465
0.986590
1.005166
1.007809
0.986006
2.014073
0.986977
1.004552
1.008168
0.987212
1.004929
1.007897
0.987024
1.005056
1.009261
0.984394
1.006539
1.007692
0.986940
1.005955
1.007093
1.992352
1.994743
2.012657
0.987416
1.004822
1.007988
0.986325
1.006095
1.007851
0.985459
1.006370
1.007577
0.987592
1.006675
1.006388
0.985956
2.013602
0.987645
1.005446
0.996936
0.997497
1.004872
1.001675
0.992985
1.005351
1.007519
0.987285
1.005249
1.007649
0.987599
1.005729
1.009243
0.983732
1.004841
1.009097
0.986109
1.006288
1.005365
0.989767
1.005362
3.000201
1.006956
0.986851
1.005099
1.005614
0.989216
1.005154
1.008076
0.986104
1.005535
1.010010
0.985399
1.005642
0.994943
0.998897
1.005496
1.994883
2.011372
0.987207
1.007668
1.003099
0.991138
1.004443
1.005014
0.989687
1.005284
1.001122
0.992964
1.003968
1.008736
0.987527
1.005902
1.007803
0.986555
1.005594
1.007939
1.993384
1.006440
0.987316
1.004925
1.001388
0.992585
1.006237
1.007808
0.986903
1.004929
1.008023
0.987378
1.005249
1.008053
0.985398
1.006135
1.995839
1.003993
1.008621
0.986052
1.006746
1.006649
0.986500
1.005499
0.998116
0.996639
1.005710
3.000682
1.992728
1.005973
1.009970
1.990782
1.994258
2.013135
0.987033
1.004876
1.007919
0.987103
1.004914
1.008261
0.986771
1.004983
1.008313
0.986421
1.002418
1.010016
0.984995
1.007820
1.008574
0.986557
1.005983
1.008193
0.986483
2.012978
0.986968
1.005798
0.999084
1.994355
1.007114
0.992902
2.013004
0.986888
1.006025
1.007197
0.987026
1.004949
1.008639
0.986245
1.005172
1.009078
0.985904
1.005062
1.008949
0.986115
1.004715
1.008687
0.987895
1.003961
1.008571
1.991837
1.008367
0.985652
1.006249
1.009993
0.985960
1.006437
1.995562
2.013566
1.991441
1.007718
0.985945
2.014967
0.987216
1.004720
1.007897
0.987526
1.004814
1.007650
0.986014
1.005617
1.007893
0.987097
1.010700
1.009292
0.987990
1.007049
3.000323
0.995519
1.001766
1.004240
1.006605
0.989115
1.001225
1.993108
1.008003
1.003550
0.945428
1.051846
1.008675
0.988194
1.005078
1.008105
0.984678
1.006023
1.009281
1.991175
1.009869
0.982938
1.006912
3.001609
1.007427
1.987858
1.012804
0.983502
0.998461
2.005841
3.002224
2.010027
0.987114
1.005470
4.013969
0.940382
1.050094
1.007181
